   2.0000000e+00   3.3304048e-01  -8.8939735e-01  -1.2208346e-01   1.0561685e-01  -6.7650505e-01  -3.7996712e-01   1.3840714e+00  -6.3296683e-01  -1.3401407e-01  -8.1605023e-01
   2.0000000e+00   2.6078140e-01  -1.0930158e+00  -2.3850159e+00  -8.1494734e-01  -4.9729985e-01  -7.2654613e-01  -9.1102994e-02   5.8584207e-02  -2.3980174e-01  -1.4744368e+00
   2.0000000e+00   3.9469916e-01  -1.5781878e-01   9.3811460e-01   1.0171329e+00  -7.1876069e-01  -1.4361187e-01  -1.0045620e+00   6.6054436e-01   1.8416299e+00   1.3822374e+00
   1.0000000e+00  -6.7496146e-01   6.9665666e-01   3.4401928e-01   1.6481010e+00   2.2111753e-01   4.7144936e-01   1.3661581e+00   1.5701065e+00  -1.0596974e+00   8.2014206e-01
   2.0000000e+00  -1.7015626e+00   1.8079578e+00   1.0856164e+00   1.3276978e-01  -1.0263511e+00   1.5457350e+00   2.6484569e+00  -1.1662555e+00   6.4605176e-01  -2.6351530e-01
   2.0000000e+00   4.5245770e-01  -7.0482165e-01  -8.3974609e-01  -7.7143737e-01  -2.0142273e-01   8.5825685e-01  -1.0281398e-02  -1.2696793e+00   8.6500801e-01  -2.1078687e+00
   1.0000000e+00   4.4352174e-02   5.1052289e-01  -2.1205890e-01   3.9009362e-01   1.4455660e-01  -7.8570501e-01  -1.7703331e+00  -1.2172505e-01  -2.5845830e-01   7.9255816e-01
   2.0000000e+00  -6.4379547e-01   9.4203333e-02  -7.7427157e-02  -8.8272012e-01  -1.2409679e-02  -4.8931000e-01   1.7995099e-02   4.3333752e-01   7.6782886e-02  -1.6870724e+00
   2.0000000e+00   5.6884024e-01  -9.4656105e-01  -1.3364186e+00  -1.9750253e+00   2.2685921e+00   3.9213532e-01  -1.1330136e+00   9.5676591e-01  -5.0845914e-01  -1.9214061e-01
   2.0000000e+00   1.1136009e+00  -9.5354643e-01   2.0521744e+00  -9.3465870e-01  -5.2148214e-01   1.3681599e+00  -1.1796596e+00  -1.6088568e+00  -1.1466608e+00  -7.9029946e-01
   2.0000000e+00  -2.7407414e-01  -4.7846728e-01  -3.0086060e-01   1.0153177e+00  -1.3801662e+00   1.5876506e+00   1.8590702e+00   3.5022060e-01   2.8572202e-01  -1.4234797e+00
   2.0000000e+00   7.5258590e-01   1.7566453e+00  -1.0951080e+00  -4.7835079e-01   2.1250597e+00   9.9489597e-01  -7.8902613e-01   4.5460524e-01   3.0294887e-01   4.1610279e-01
   2.0000000e+00  -2.3436584e+00   1.2162762e-01  -1.7964641e+00  -3.5697839e-01   3.0767434e-01   5.5124684e-01  -3.7043238e-01  -8.3823060e-02  -1.1782206e+00  -1.4519264e+00
   2.0000000e+00   6.1994896e-01  -3.8751043e-01   1.2236475e+00  -8.4593716e-02   1.9553183e+00  -1.9477659e+00   6.1216998e-02  -3.0760049e-01   3.7932598e-01  -6.6905820e-01
   2.0000000e+00   8.1669327e-01  -5.9096229e-01   1.1790532e+00  -2.9342960e-01   4.0203884e-01   1.8207421e-01  -2.7825600e+00   5.7880210e-01   1.6456476e-02  -9.6569369e-01
   2.0000000e+00  -1.4257448e+00  -2.1892487e-01  -1.9096519e+00  -1.3942014e+00   1.5950829e+00   4.5698359e-01   1.8356844e-01  -3.2163576e-01  -3.5688602e-01   3.7875170e-01
   2.0000000e+00  -5.6369995e-01   6.9864329e-01   1.6767287e-01   1.9554404e+00   1.4245511e+00   1.4786844e+00  -2.6661174e-01   1.4798409e-01   3.8063583e-01  -7.7321029e-01
   2.0000000e+00   3.7414302e-01  -5.0841503e-01  -6.8158321e-01   1.3528304e+00   3.3806433e-01  -2.9361898e+00  -2.2524258e-01   4.6052021e-01  -1.5337478e+00   1.0778772e+00
   1.0000000e+00   1.2713617e+00   1.9315242e+00  -5.1081591e-01  -1.3812175e-01  -1.2464665e-01   7.5588717e-01  -9.4882368e-01   3.9152481e-01   3.4416797e-01   2.7122332e-01
   2.0000000e+00   8.7067273e-01  -5.6109820e-01   1.6792718e+00  -1.1280298e-01  -1.0939957e+00   5.9625906e-01  -3.7682470e-01  -7.3900261e-01   1.0806039e+00   1.3434219e+00
   2.0000000e+00  -7.5748372e-01  -3.5076247e-01   2.7045042e-01   4.0142800e-02   4.9210230e-01  -5.0182913e-01  -1.0840803e+00  -8.3016096e-02  -5.9408256e-01  -2.7684985e-01
   2.0000000e+00  -6.5499357e-01   4.3544125e-01  -6.4136857e-01   8.7206058e-03  -1.0193222e+00  -2.0803629e+00   1.4742813e+00   4.5604593e-01  -5.7790589e-01  -1.1397363e+00
   2.0000000e+00  -3.3819302e-01  -5.5880170e-01  -9.7622581e-01   5.4326771e-01  -9.5182028e-01  -1.4869664e-01  -1.2263542e+00  -1.8637672e+00  -4.5019539e-01   3.5714276e-01
   2.0000000e+00   6.0489909e-01  -2.3877912e-01   7.8798733e-01  -3.0990692e-01   1.2479787e-01  -7.5154892e-01  -8.0728639e-02  -1.1676709e+00   3.1546207e-01  -1.9350459e-01
   2.0000000e+00   5.0264580e-01   1.4717030e+00   1.1354935e-01  -4.7590380e-02   9.2466478e-01   1.5464543e+00  -1.1426311e+00   1.0747306e-01  -1.3544408e-01   1.3374191e-02
   2.0000000e+00   1.9041193e-01   1.0582649e+00   1.1731822e+00   1.4267877e-01  -9.6887398e-01  -8.1264459e-01   4.9787526e-01   1.6407411e-01   9.4139235e-02   2.6937960e-01
   2.0000000e+00  -1.2977164e+00   2.9074920e+00   1.3227367e+00   4.4514375e-01  -1.8014431e+00  -4.1598487e-01  -1.5203116e+00   1.3648175e+00  -9.3039361e-03   1.7048812e+00
   2.0000000e+00  -3.6085428e-01   4.8132109e-01   1.1413241e+00   3.2589747e-01  -9.2000721e-01   1.1815591e-01  -1.0219903e+00  -4.8729204e-01  -3.3963277e-01  -2.3282942e+00
   1.0000000e+00   1.1244420e+00  -2.9125017e-01  -2.3288752e+00   6.9351640e-02  -1.6533366e-01  -1.2004894e+00   1.0025533e+00  -1.1518758e+00  -2.2291257e+00   7.1536492e-01
   2.0000000e+00   5.4831993e-01  -9.6679173e-01   2.8389569e-01   1.7049983e-01  -2.5416176e+00   1.4020600e+00   1.0634390e+00   8.6182202e-01  -3.5332714e-01   1.0608079e+00
   2.0000000e+00   2.4535552e+00  -3.6164940e-01   4.1323051e-01  -7.0748097e-01  -9.5900459e-01  -8.0369621e-01  -1.9103337e+00  -5.7490272e-01   3.5956927e-01  -1.3105551e+00
   1.0000000e+00   6.0624010e-01   1.0400921e+00   1.1968116e+00   9.9043922e-01  -4.8051334e-01  -8.7626656e-01   4.3806827e-01   2.6411623e+00  -1.8701447e+00   6.0675562e-01
   2.0000000e+00  -1.7119110e+00   1.7573335e-01   2.1734141e+00   8.1539542e-01  -3.5082521e-01   2.3192410e+00   2.3665345e+00  -7.1646569e-02   1.1205203e-01  -8.5691693e-01
   2.0000000e+00   9.9348979e-01  -5.5607066e-01   7.1533469e-01   8.6880741e-01   7.7519804e-01   4.9465019e-01  -1.0410856e+00  -8.8229053e-01   4.7004293e-02   2.3920549e+00
   2.0000000e+00  -7.4733691e-02  -9.3262599e-01  -9.8080885e-01  -3.5860546e-01   2.3597315e+00  -5.0069205e-01   1.1247267e+00  -8.7299536e-02  -3.5522116e-01   9.7587061e-01
   1.0000000e+00  -2.2597046e-01  -3.8817247e-01   1.8581598e+00   1.0659673e+00  -5.2737485e-01   2.0525029e+00   5.3676279e-01  -1.4106221e+00  -1.8682289e+00   2.6222502e-01
   2.0000000e+00  -7.8585141e-01   3.2258707e-02   5.8246934e-01  -1.7324067e+00   9.6200809e-02   3.4080707e-01   3.2156252e-01  -1.1840618e+00   7.6074253e-01   1.7570910e+00
   2.0000000e+00  -3.0895963e-01   6.9952858e-03  -1.2881933e-01   4.2254392e-02  -4.5748881e-01   7.8726460e-01   7.7697758e-01  -7.2393868e-01   1.9258314e+00  -6.3597508e-01
   2.0000000e+00  -1.4735085e-01   3.0401798e-01   2.2772804e-01  -1.0008899e-01   9.7297812e-01   1.8126734e+00   8.7015118e-01  -9.6536687e-01   1.7418718e+00   9.8558890e-01
   2.0000000e+00   3.9576538e-01  -2.2168460e-01  -1.4793323e-01   7.6464317e-01   1.3129320e+00  -7.4633514e-01  -1.6867089e-01  -8.9114963e-01  -1.2637077e+00  -1.4117103e+00
   2.0000000e+00  -1.4939643e+00   1.1604056e+00   8.2218469e-01   1.6663757e+00  -1.5084789e-01  -1.0582836e+00  -1.4080034e-01   1.0010646e-01  -2.8415277e-01  -1.9571236e-01
   1.0000000e+00  -3.3623500e-01   1.3264804e+00   7.8026013e-01   1.5681575e+00   2.6563396e-01  -1.4676026e+00   1.0605903e+00   7.3123138e-02  -1.4206319e+00   1.0188373e-01
   2.0000000e+00  -1.5297812e+00  -6.9373069e-02   8.7229356e-01  -2.4434143e-01   3.6673910e-01   6.0409490e-01  -1.6056148e+00  -6.5945354e-01  -2.0205320e-01   1.1619012e+00
   2.0000000e+00   7.2340117e-01  -5.7913046e-01  -8.5218888e-01   9.2239444e-01   3.2476453e-01   1.7750785e+00  -4.9408902e-01   1.0202977e+00   1.1882124e+00  -4.4267913e-02
   2.0000000e+00  -1.1927731e-01  -1.8121633e+00   5.3808095e-01  -9.7626462e-01  -1.1719350e-01  -4.9936245e-01  -1.1133522e+00   6.8146309e-01   4.4598042e-01  -6.1494073e-01
   1.0000000e+00  -1.9176113e-01   7.1179825e-01   3.8301826e-01  -7.0986700e-01   1.2211169e-01  -5.5891949e-01  -4.4754937e-01  -1.0929401e+00   8.4182204e-01   4.5473251e-01
   1.0000000e+00  -3.1581201e-01  -9.9973907e-01   3.7697196e-01   5.2735043e-01  -4.3168278e-01  -8.1037902e-01  -1.2860977e+00  -7.6285861e-02   6.6288320e-01   9.4265927e-02
   2.0000000e+00  -1.9635501e-01  -1.1913141e+00  -1.2966252e-01   3.0530235e-01   8.5963832e-01  -7.5115501e-02   1.4202541e+00   4.1273005e-01  -3.0357762e-01  -5.0220915e-02
   2.0000000e+00  -5.2165597e-01  -2.6427040e+00   6.9923171e-01   1.8785871e+00  -6.6089328e-01  -6.3113678e-01   1.6270975e-01  -2.4129731e-02  -1.1780098e-01  -4.1521845e-01
   2.0000000e+00   2.1275550e+00  -3.8584593e-01   5.7601642e-01  -7.5882991e-01   1.2784110e+00  -1.4607611e+00  -8.8700286e-01   4.6788002e-01  -4.3661728e-01  -1.4136281e+00
   2.0000000e+00  -1.7189055e-02   6.5165353e-01  -6.0733642e-01  -2.4534186e-01  -4.1386519e-01   6.0091646e-01   9.6485613e-01   1.8696402e+00  -3.8080624e-01  -2.2339711e+00
   2.0000000e+00  -4.1339580e-01  -4.0928681e-01  -5.7262301e-01   8.2654887e-01  -6.3774500e-01   1.2617579e+00   3.1792729e-02   8.2332622e-01  -8.8874037e-01   9.6789178e-01
   2.0000000e+00   6.1368897e-01   2.9138298e-01  -2.6810466e-01  -1.7149701e+00   2.1185369e+00   1.4611286e-01   5.8780763e-01   1.2699971e+00   1.5046123e+00  -1.2368984e-01
   2.0000000e+00   2.4198866e-01  -6.8610072e-01   1.0019242e-01   1.2278119e+00   5.7511712e-01  -2.5334708e+00   1.9676401e-01  -8.0459649e-01   1.0786708e+00   8.8122012e-01
   1.0000000e+00  -1.4499285e+00  -1.0436910e-01  -8.0674287e-01   7.8057994e-01   3.5553114e-01  -8.2474704e-01   2.5144256e+00   9.2278254e-01  -4.7368852e-01   4.8126222e-01
   2.0000000e+00  -1.6053320e+00   3.7998557e-01   1.7160361e+00  -5.4157034e-01  -8.9492705e-01   1.2462153e+00   8.7107337e-01   5.6902870e-02  -2.3240735e+00  -1.7404914e+00
   2.0000000e+00  -7.6161347e-01   7.9642022e-01   6.5513900e-01   4.1842721e-01   9.4861139e-01   4.8786544e-01  -4.6694775e-01  -8.6971480e-01   9.8640497e-02   2.0762731e-01
   2.0000000e+00   3.3444420e-02   1.8597376e+00   1.8325889e+00   1.0415168e+00   3.6846812e-01   1.6153631e+00  -3.0474908e-01  -9.5993469e-01   1.0893937e+00   1.1594381e+00
   2.0000000e+00   1.2026391e+00  -4.5199824e-01  -5.3295748e-01   4.5709712e-01   1.0467978e+00  -7.1790990e-01   3.9331980e-02  -2.5403332e-01  -8.9965165e-01  -1.4802395e-01
   2.0000000e+00  -6.0585053e-01  -1.2818012e+00  -1.1366829e+00   3.0234971e-01   1.3059638e-01  -1.2417444e+00   2.2159229e-01   2.4125483e+00   1.5127340e+00   2.2682763e+00
   2.0000000e+00  -1.3939155e-01  -5.7942808e-01  -4.6800859e-02   7.8971811e-01  -1.2077617e+00  -5.3054294e-01  -5.5615832e-01   1.0169983e+00   1.9279126e+00   1.4776967e+00
   2.0000000e+00  -7.2992516e-01   1.6323125e+00   6.2409890e-01  -5.0322492e-01   8.4271830e-01   5.8554663e-01   4.5978930e-02  -5.1776811e-01   6.7536334e-01   1.5307594e+00
   2.0000000e+00   4.1593684e-01   1.1556903e+00  -1.7227366e+00   3.3163137e-01   1.1503339e+00  -7.4258138e-01   5.2381523e-01  -1.3672215e+00   1.4826092e+00  -1.8153102e-01
   2.0000000e+00  -6.1646094e-01  -1.8949293e+00   3.1877224e-01   4.6557679e-02  -2.5654645e+00   6.7713777e-01   1.1622372e+00  -1.2000456e+00  -1.9103383e-01   7.5020934e-01
   2.0000000e+00   5.1629603e-01   9.3763110e-01   1.0184411e-01   1.8797911e+00  -2.2241725e-01  -3.7474196e-01   3.1551020e-01   2.3779502e-01   4.8955145e-01  -1.6328190e-01
   2.0000000e+00  -1.3456374e+00  -1.2847758e+00   5.1167264e-01  -1.0849707e+00   1.1103681e-01   1.5132029e-01  -5.8060530e-02   1.5905856e+00   1.6062546e+00  -6.1792062e-01
   2.0000000e+00   3.7457558e-01   6.5163140e-01   9.0984339e-01   1.4281702e+00  -7.9375826e-01  -1.9852323e-02  -1.3258358e+00   3.4438223e-02   3.7701502e-02  -3.2226410e-01
   2.0000000e+00  -1.0974585e+00   4.7429649e-01   1.2342845e-01  -7.1860797e-01   3.6768954e-01   2.3599284e+00  -8.2950855e-01   3.4333595e-01  -1.7518243e+00   1.1227754e+00
   2.0000000e+00   4.1132614e-01  -2.3012589e-01  -1.0976052e+00  -1.5264718e-01  -1.5808109e+00   6.0403234e-01   8.5227242e-01  -1.4858941e+00  -7.1935360e-01  -3.8772365e-01
   1.0000000e+00  -1.8811304e-02  -7.5328231e-01  -1.4436599e-01  -1.7195960e+00  -5.5973058e-01  -5.0579081e-01  -6.2795430e-01  -2.0692797e-01  -1.1778443e+00   1.8762779e-01
   2.0000000e+00  -4.7588393e-01   6.8581986e-01   1.3258879e+00   3.1697944e-02   2.9413288e-01  -3.0161033e-01   1.6110700e+00   1.4013414e-02  -6.0660778e-01  -1.4724814e+00
   2.0000000e+00  -5.8101336e-01   6.1915989e-01  -1.4698105e+00   2.2460857e+00  -1.6875308e-01  -2.9035043e-01   7.6746950e-02   8.2205468e-01   5.9178535e-02   1.0619978e+00
   1.0000000e+00  -9.2826135e-01  -4.6598983e-01  -2.0333882e-01   1.8163705e-01   3.2879709e-02  -1.6352606e+00  -2.2573552e-03  -2.0854846e+00   3.6102066e-01   4.7110075e-01
   2.0000000e+00  -1.1717215e-01  -3.7113450e-01   2.8706406e-01  -2.1531910e+00   3.8441795e-02   1.4070059e+00   4.3531456e-02   1.3078680e+00   1.0427256e+00   8.0076645e-01
   2.0000000e+00  -1.6771068e+00   9.6598468e-01  -3.7333546e+00   7.6693229e-01   1.1112683e+00   2.4465126e-01   2.8106230e+00   1.4031969e-01   9.2524052e-01  -8.4354004e-02
   1.0000000e+00  -1.7788124e+00  -9.4700453e-01   9.6936220e-01   2.9467955e-01  -7.2284733e-01   1.4167150e+00  -1.2714133e-01   2.0657713e-01   1.9734640e-02   1.8549974e-01
   2.0000000e+00  -1.8703862e+00   1.1766189e+00   9.9510383e-01   9.4737040e-01  -6.4566116e-01   5.3206529e-01  -8.1171510e-01   8.6453377e-01  -1.4478538e-01   9.7283009e-01
   1.0000000e+00   1.3266315e+00   1.5078038e+00  -4.9939851e-02  -6.0349161e-01   4.0363261e-01  -1.0914214e+00  -7.5997968e-01   2.6166037e-02   1.0462065e+00   2.1217272e-01
   2.0000000e+00   7.2591582e-01  -1.8850406e-01  -2.8520072e-01   1.6336506e+00   2.2979604e-01   7.7601969e-01   1.9659009e+00   7.6596781e-01   8.3273963e-01   1.3752102e+00
   2.0000000e+00   1.5188635e+00  -1.0302337e+00   1.4284803e+00  -7.5976792e-01  -9.7383726e-01   1.1811978e+00  -2.6059219e+00   3.4862530e-01  -1.5538065e-01  -1.1859805e+00
   2.0000000e+00   3.4138433e-01  -1.1286460e+00   9.7741500e-02  -1.2618211e+00   3.0038303e-01   8.5920506e-02   2.9158162e-01  -5.0876767e-03   8.5135236e-01  -9.4413693e-01
   2.0000000e+00   6.9879922e-01   1.1309193e+00  -1.3988659e+00   1.5565109e+00  -6.3730701e-01  -7.6921735e-01   6.9366667e-01   1.2949074e+00   5.7172787e-01  -6.2174384e-01
   2.0000000e+00   9.6483023e-01   1.2616615e+00   8.1763415e-01  -8.1793450e-01   1.0889265e+00   7.1592379e-01   1.8963788e+00   6.1707836e-01  -3.7682692e-01   9.5214886e-01
   2.0000000e+00   7.8531049e-01  -9.3630796e-01  -5.2734432e-01  -8.5775748e-01   7.9010727e-01   1.4450735e+00   7.3467916e-01  -2.8821252e-01   2.1424871e+00  -4.6566541e-01
   2.0000000e+00   1.2141432e+00   9.0683472e-01   1.3877888e+00  -1.4271647e-01  -1.7041726e+00   2.2591064e-01  -4.8385922e-01  -6.8890318e-01  -3.9394596e-01   2.3802161e-02
   1.0000000e+00   5.7855782e-02   5.5720420e-01  -4.7806811e-01   1.1116823e+00  -4.7313514e-01  -3.1340169e-01  -8.5658601e-03   1.0375307e+00  -6.4602613e-01   3.0531281e-01
   2.0000000e+00   7.0292842e-01  -5.0158549e-01   7.4239564e-01  -1.2536392e+00  -3.8886335e-01  -1.5756337e+00  -3.5998800e-02  -6.7807581e-01  -1.1632171e-01  -1.4164318e+00
   2.0000000e+00  -9.6956678e-01   2.8100769e-01  -7.2042871e-02  -1.4194678e-01   1.2525174e+00  -8.7977297e-02  -9.1786733e-01   1.7518778e-01   6.1534125e-01  -9.1456453e-01
   2.0000000e+00   3.5377756e-01  -1.7287420e+00  -1.4965957e+00  -3.0175112e+00  -8.1519748e-01  -2.4365691e-01   9.1903814e-01  -1.6470375e-01  -3.6240711e-01   1.5035403e-01
   1.0000000e+00  -4.6394337e-01   2.0360955e-01   1.3168947e-01   1.7161012e+00   8.1112167e-02  -1.9873609e+00  -1.5500765e+00   4.4438651e-01  -6.3972599e-01   8.4746469e-01
   2.0000000e+00   2.6525136e-01  -1.8682884e+00   4.2298544e-01   3.4856722e-04  -1.7262230e-01  -5.5536760e-01  -1.6772885e+00   1.0199115e+00  -1.1231186e-01  -1.2937827e+00
   2.0000000e+00  -1.2152216e+00  -8.0665475e-01   4.4313102e-01  -2.6337021e-01   5.1807396e-01   2.2853826e-02  -4.1951611e-01   1.3618465e+00   1.2728371e-01  -1.2439083e+00
   2.0000000e+00   2.6654758e-01   1.7706729e+00   5.2898419e-01  -6.6855671e-01   9.3653951e-01  -5.9337667e-01  -2.1749000e-01  -1.5075162e+00   9.5408367e-01  -1.0324821e+00
   2.0000000e+00  -2.1107293e-01   9.3534085e-01  -2.0703362e-01  -2.8103121e+00  -1.3230764e+00  -1.7029603e+00  -1.5078335e+00  -4.4821540e-01  -4.8241854e-01   1.7170757e+00
   2.0000000e+00  -1.0795537e+00  -1.2240746e+00  -1.3686574e+00   1.4508302e+00   6.5925884e-01   2.2714185e+00   2.9373781e-01  -3.2768399e-01  -3.0285452e-01  -4.1384905e-01
   2.0000000e+00   7.8513700e-01  -1.2361834e+00   2.3596376e-01   9.6921845e-01   1.3660403e+00   3.9155192e-01   2.0113705e-01   1.0814432e-01  -6.5426799e-01  -6.8202036e-01
   2.0000000e+00  -2.6205639e+00  -3.5993016e-01  -8.8840845e-01   3.2204887e-01   1.0314495e+00   1.0336698e+00  -2.8690915e-01  -7.6191123e-01   2.5218986e-01  -3.0136930e-01
   1.0000000e+00   7.7603170e-01   2.3418720e+00   9.0516932e-01   6.9462674e-01  -2.5493178e-01  -1.9334060e+00   1.7772486e+00   2.1511332e-01   6.5178695e-03   3.1706326e-01
   2.0000000e+00   1.3648534e+00   1.1188996e+00  -3.2612668e-01  -2.0484688e+00  -1.5271216e+00   2.1889484e-01   5.2540767e-01   6.6701290e-01  -9.0108707e-01   5.9436381e-01
   2.0000000e+00  -5.0294033e-02  -1.4104894e-01  -9.9274929e-01   3.8666372e-01  -7.6307618e-01  -4.6750254e-01   4.0492036e-01  -7.7080248e-01   9.4075710e-01   1.2337162e+00
